binarization_method: LAB
hsv:
  val_center: 145.0817951049376
  val_range: 627.7242171276134
  hue_center: 14.140076660695195
  hue_range: 10.895479998619422
  sat_center: 254.83607745540775
  sat_range: 151.95067241189423
lab:
  a_center: 156.79005911550598
  a_range: 16.59757678563772
  b_center: 176.28139906697547
  b_range: 33.451722450562556
  l_center: 97.50810592702732
  l_range: 159.9236811292822
