binarization_method: HSV
hsv: {
  hue_center: 90, hue_range: 90,
  sat_center: 0,
  sat_range: 20,
  val_center: 128,
  val_range: 128}
lab: {a_center: 154.12571378808425, a_range: 14.959894150242354, b_center: 159.40383921573508,
  b_range: 35.88689165898373, l_center: 109.6133414612906, l_range: 150.5997694097339}
