binarization_method: LAB
hsv:
  val_center: 131.11792700520127
  val_range: 102.71277864041909
  hue_center: 131.92914677444506
  hue_range: 15.986899388102643
  sat_center: 54.83145309727665
  sat_range: 22.899752294497926
lab:
  a_center: 137.89867729400774
  a_range: 4.3513015699264015
  b_center: 113.98757993997248
  b_range: 13.60649791598525
  l_center: 115.19657633058253
  l_range: 84.7179406068221
